[gd_scene load_steps=10 format=3 uid="uid://bj6lvbtuqr28b"]

[ext_resource type="Script" path="res://Rey Projects/Scripts/Player.gd" id="1_yxmtx"]
[ext_resource type="PackedScene" uid="uid://door30qihhq5o" path="res://Rey Projects/Scenes/1911.tscn" id="2_e3hbq"]
[ext_resource type="Script" path="res://Rey Projects/Scripts/gun_manager.gd" id="2_f8w1p"]
[ext_resource type="Script" path="res://Rey Projects/Scripts/gun_secondary_mvment.gd" id="2_f42n4"]
[ext_resource type="PackedScene" uid="uid://cecq2j6oxu7kc" path="res://Rey Projects/Scenes/TT Handgun.tscn" id="3_d5hyq"]
[ext_resource type="Script" path="res://Rey Projects/Scripts/gun_look_point.gd" id="6_c1uxq"]

[sub_resource type="CapsuleMesh" id="CapsuleMesh_7fovo"]

[sub_resource type="ConvexPolygonShape3D" id="ConvexPolygonShape3D_h356r"]
points = PackedVector3Array(-0.125207, -0.532801, -0.480507, 0.0227831, 0.47607, 0.498884, 0.169713, 0.559144, 0.464172, 0.231051, -0.803591, 0.320455, 0.40741, 0.651043, -0.243523, -0.482789, 0.594843, 0.0822132, -0.362868, -0.682312, 0.289697, 0.469044, -0.654529, -0.0662713, -0.127444, 0.842701, -0.338103, -0.393435, -0.683942, -0.244717, 0.438255, 0.623309, 0.200849, 0.0841477, 0.977454, 0.114795, -0.0682023, -0.976458, -0.12927, 0.20055, -0.563129, -0.451454, -0.185527, 0.595453, -0.453475, -0.273363, 0.592268, 0.407754, -0.00693649, -0.476823, 0.49966, 0.375821, -0.588614, 0.316955, 0.111579, 0.563059, -0.481177, -0.41725, 0.527866, -0.270497, -0.484546, -0.596972, -0.0665097, -0.279747, 0.908561, 0.0533361, -0.250197, -0.880712, 0.205319, 0.263647, -0.902771, -0.127394, 0.293368, 0.871526, -0.157196, 0.373412, -0.526319, -0.328246, 0.499663, 0.476641, -0.00688856, 0.0531056, 0.875001, 0.324703, -0.154543, -0.590854, 0.465879, -0.0972799, -0.782358, -0.398188, -0.387649, -0.498171, 0.31565, -0.30068, -0.587995, -0.388901)

[sub_resource type="BoxMesh" id="BoxMesh_i6apq"]

[node name="Player" type="CharacterBody3D"]
collision_layer = 5
collision_mask = 7
floor_max_angle = 1.13446
script = ExtResource("1_yxmtx")

[node name="MeshInstance3D" type="MeshInstance3D" parent="."]
transform = Transform3D(1, 0, 0, 0, 1, 0, 0, 0, 1, 0, 1, 0)
mesh = SubResource("CapsuleMesh_7fovo")

[node name="CollisionShape3D" type="CollisionShape3D" parent="."]
transform = Transform3D(0.96, 0, 0, 0, 0.96, 0, 0, 0, 0.96, 0, 1, 0)
shape = SubResource("ConvexPolygonShape3D_h356r")

[node name="Head" type="Node3D" parent="."]
transform = Transform3D(-1, 1.52855e-14, -8.74228e-08, 0, 1, 1.74846e-07, 8.74228e-08, 1.74846e-07, -1, 0, 1.64983, 0)

[node name="Camera3D" type="Camera3D" parent="Head"]
transform = Transform3D(1, -2.5411e-20, 0, 0, 1, 0, 0, 0, 1, 0, 0, 0)
current = true

[node name="TempLabel" type="Label" parent="Head/Camera3D"]
offset_left = 15.0
offset_right = 153.0
offset_bottom = 67.0
text = "ea blah blah"

[node name="Label" type="Label" parent="Head/Camera3D"]
visible = false
offset_right = 138.0
offset_bottom = 67.0
text = "ea blah blah"

[node name="Label2" type="Label" parent="Head/Camera3D"]
offset_top = 1053.0
offset_right = 40.0
offset_bottom = 1076.0
text = "FPS"

[node name="GunManager" type="Node3D" parent="Head/Camera3D"]
transform = Transform3D(1, 0, 0, 0, 1, 0, 0, 0, 1, 0, -0.22, 0)
script = ExtResource("2_f8w1p")

[node name="Gun Attach Point" type="Node3D" parent="Head/Camera3D/GunManager"]
script = ExtResource("2_f42n4")

[node name="1911" parent="Head/Camera3D/GunManager/Gun Attach Point" instance=ExtResource("2_e3hbq")]
transform = Transform3D(-0.995747, 0.0105336, -0.0915305, 0.00158523, 0.995255, 0.097291, 0.092121, 0.0967321, -0.991038, 0.902, -0.723, -0.746999)

[node name="TT Handgun" parent="Head/Camera3D/GunManager/Gun Attach Point" instance=ExtResource("3_d5hyq")]
transform = Transform3D(-0.99577, -0.00390553, 0.0918028, 0.00158971, 0.998214, 0.0597099, -0.0918721, 0.0596033, -0.993985, -0.902, -0.351, -0.747012)

[node name="OmniLight3D" type="OmniLight3D" parent="Head/Camera3D/GunManager/Gun Attach Point"]
transform = Transform3D(1, 0, 0, 0, 1, 0, 0, 0, 1, 0, 0, -0.655286)
layers = 3

[node name="Gun Attach Point3" type="Node3D" parent="Head/Camera3D/GunManager/Gun Attach Point"]
transform = Transform3D(-1, 0, 0, 0, 1, 0, 0, 0, 1, 0, 1.68151, -0.422196)
script = ExtResource("2_f42n4")

[node name="1911" parent="Head/Camera3D/GunManager/Gun Attach Point/Gun Attach Point3" instance=ExtResource("2_e3hbq")]
transform = Transform3D(-0.995384, -0.00599177, -0.0957861, 0.00158778, 0.996885, -0.0788586, 0.0959601, -0.0786466, -0.992273, 0.902, -0.718915, -0.747067)

[node name="TT Handgun" parent="Head/Camera3D/GunManager/Gun Attach Point/Gun Attach Point3" instance=ExtResource("3_d5hyq")]
transform = Transform3D(-0.995197, 0.00925809, 0.097458, 0.00158755, 0.996914, -0.0784912, -0.0978839, -0.0779594, -0.99214, -0.922, -0.718947, -0.705)

[node name="OmniLight3D" type="OmniLight3D" parent="Head/Camera3D/GunManager/Gun Attach Point/Gun Attach Point3"]
transform = Transform3D(1, 0, 0, 0, 1, 0, 0, 0, 1, 0, 0, -0.57691)

[node name="GunLookPoint" type="Node3D" parent="Head/Camera3D"]
transform = Transform3D(1, 0, 0, 0, 1, 0, 0, 0, 1, 0, 0, -10.5133)
script = ExtResource("6_c1uxq")

[node name="MeshInstance3D" type="MeshInstance3D" parent="Head/Camera3D/GunLookPoint"]
transform = Transform3D(0.0701574, -1.05879e-22, 0, -1.05879e-22, 0.0701574, 0, 0, 0, 0.0701574, 0, 0, 0)
mesh = SubResource("BoxMesh_i6apq")

[node name="PlayerHealthManager" type="Node3D" parent="."]

[node name="PlayerHitCalc&Detection" type="Node3D" parent="PlayerHealthManager"]

[node name="PlayerFallDamage" type="Node3D" parent="PlayerHealthManager"]
